[
[0,0,1,0,0,0,0,1,0,0,1,0,0,0,0,1,4]
[0,0,1,0,0,0,0,1,0,0,1,0,0,0,0,1,4]
[0,0,1,0,0,0,0,3,3,3,1,0,0,0,0,1,4]
[0,0,1,0,0,0,0,1,0,0,1,0,0,0,0,1,4]
[0,0,1,0,0,0,0,1,0,0,1,0,0,3,3,1,4]
[0,0,1,0,0,0,0,1,0,0,1,0,0,1,0,1,4]
[0,0,1,0,0,0,0,1,0,0,1,0,0,1,0,1,4]
[0,0,3,3,3,3,3,1,0,0,1,0,0,1,0,1,4]
[0,0,1,2,0,0,0,0,0,0,1,0,0,1,0,1,4]
[0,0,1,2,0,0,0,0,0,0,3,3,3,1,0,1,4]
[0,0,1,2,0,0,0,0,0,0,1,0,2,1,0,1,4]
[0,0,1,2,0,0,0,0,0,0,1,0,2,0,0,1,4]
[0,0,1,2,1,1,1,1,0,0,1,0,2,0,0,1,4]
[0,0,1,2,1,1,1,1,0,0,1,0,2,0,0,1,4]
[0,0,1,2,3,3,3,1,0,0,1,0,2,0,0,1,4]
[0,0,0,2,0,0,0,1,0,0,1,0,2,0,0,1,4]
[0,0,0,2,0,0,0,1,0,0,1,0,2,0,0,1,4]
[0,0,0,2,0,0,0,1,0,0,1,0,2,0,0,1,4]
[0,0,0,0,1,0,0,1,0,0,1,0,2,0,0,1,4]
[0,0,0,0,1,0,0,1,0,0,1,0,2,0,0,1,4]
[0,0,0,0,1,0,0,3,3,3,3,3,3,1,0,1,4]
[0,0,0,0,1,0,0,1,0,0,0,0,0,1,0,1,4]
[0,0,0,0,1,0,0,1,0,0,0,0,0,1,0,1,4]
[0,0,0,0,1,0,0,1,0,0,0,0,0,1,0,1,4]
[0,0,0,0,1,0,0,1,0,0,0,0,0,1,0,1,4]
[0,0,0,0,3,3,3,1,0,0,0,0,0,1,0,1,4]
[0,0,0,0,1,0,0,1,0,0,0,0,0,1,0,1,4]
[0,0,0,0,1,0,0,1,0,0,0,0,0,3,3,1,4]
]
0= background
1= brique
2=barre de traverse
3=échelle
4=bas du niveau (sol incassable)
5=trou
6=trou plein
//test